[gd_scene load_steps=21 format=2]

[ext_resource path="res://scripts/Choir.gd" type="Script" id=1]
[ext_resource path="res://scenes/Cultist.tscn" type="PackedScene" id=2]
[ext_resource path="res://audio/vox_04_03.ogg" type="AudioStream" id=9]
[ext_resource path="res://audio/vox_03_02.ogg" type="AudioStream" id=10]
[ext_resource path="res://audio/vox_02_01.ogg" type="AudioStream" id=11]
[ext_resource path="res://audio/vox_02_02.ogg" type="AudioStream" id=12]
[ext_resource path="res://audio/vox_03_01.ogg" type="AudioStream" id=13]
[ext_resource path="res://audio/vox_04_01.ogg" type="AudioStream" id=14]
[ext_resource path="res://audio/vox_03_03.ogg" type="AudioStream" id=15]
[ext_resource path="res://audio/vox_07_02.ogg" type="AudioStream" id=16]
[ext_resource path="res://audio/vox_05_01.ogg" type="AudioStream" id=17]
[ext_resource path="res://audio/vox_04_02.ogg" type="AudioStream" id=18]
[ext_resource path="res://audio/vox_07_03.ogg" type="AudioStream" id=19]
[ext_resource path="res://audio/vox_05_03.ogg" type="AudioStream" id=20]
[ext_resource path="res://audio/vox_06_02.ogg" type="AudioStream" id=21]
[ext_resource path="res://audio/vox_07_01.ogg" type="AudioStream" id=22]
[ext_resource path="res://audio/vox_02_03.ogg" type="AudioStream" id=23]
[ext_resource path="res://audio/vox_06_03.ogg" type="AudioStream" id=24]
[ext_resource path="res://audio/vox_06_01.ogg" type="AudioStream" id=25]
[ext_resource path="res://audio/vox_05_02.ogg" type="AudioStream" id=26]

[node name="Choir" type="Spatial"]
script = ExtResource( 1 )
__meta__ = {
"_edit_group_": true
}

[node name="Cultists" type="Node" parent="."]

[node name="Cultist_0" parent="Cultists" instance=ExtResource( 2 )]
transform = Transform( 0.890444, 0, -0.455094, 0, 1, 0, 0.455094, 0, 0.890444, 3.57752, -4.76837e-07, -5.81494 )
central_note = "A6"

[node name="Cultist_1" parent="Cultists" instance=ExtResource( 2 )]
transform = Transform( 0.88537, 0, 0.464889, 0, 1, 0, -0.464889, 0, 0.88537, -3.62161, 0.00579929, -6.07265 )
index = 1
vocals = [ ExtResource( 11 ), ExtResource( 12 ), ExtResource( 23 ) ]

[node name="Cultist_2" parent="Cultists" instance=ExtResource( 2 )]
transform = Transform( 0.534219, 0, 0.845346, 0, 1, 0, -0.845346, 0, 0.534219, -6.74214, 0, -2.75376 )
central_note = "C5"
index = 2
vocals = [ ExtResource( 13 ), ExtResource( 10 ), ExtResource( 15 ) ]

[node name="Cultist_3" parent="Cultists" instance=ExtResource( 2 )]
transform = Transform( -0.882357, 0, 0.47058, 0, 1, 0, -0.47058, 0, -0.882357, -3.70438, 0, 6.61486 )
visible = false
central_note = "E5"
index = 3
vocals = [ ExtResource( 14 ), ExtResource( 18 ), ExtResource( 9 ) ]

[node name="Cultist_4" parent="Cultists" instance=ExtResource( 2 )]
transform = Transform( -0.560089, 0, -0.828432, 0, 1, 0, 0.828432, 0, -0.560089, 5.68674, -4.76837e-07, 4.64708 )
visible = false
central_note = "A5"
index = 4
vocals = [ ExtResource( 17 ), ExtResource( 26 ), ExtResource( 20 ) ]

[node name="Cultist_5" parent="Cultists" instance=ExtResource( 2 )]
transform = Transform( -0.020942, 0, -0.99978, 0, 1, 0, 0.99978, 0, -0.020942, 7.33161, -4.76837e-07, 0.0125455 )
visible = false
central_note = "C6"
index = 5
vocals = [ ExtResource( 25 ), ExtResource( 21 ), ExtResource( 24 ) ]

[node name="Cultist_6" parent="Cultists" instance=ExtResource( 2 )]
transform = Transform( -0.361218, 0, 0.932481, 0, 1, 0, -0.932481, 0, -0.361218, -6.84985, -4.76837e-07, 2.49097 )
visible = false
central_note = "E6"
index = 6
vocals = [ ExtResource( 22 ), ExtResource( 16 ), ExtResource( 19 ) ]

[node name="Metronome" type="Timer" parent="."]
wait_time = 2.0
autostart = true

[node name="CSGCylinder" type="CSGCylinder" parent="."]
visible = false
radius = 6.20486
sides = 9
[connection signal="timeout" from="Metronome" to="." method="_on_Metronome_timeout"]
