[gd_scene load_steps=9 format=2]

[ext_resource path="res://scenes/assets/Column.tscn" type="PackedScene" id=1]
[ext_resource path="res://scenes/assets/StoneEdge.tscn" type="PackedScene" id=2]
[ext_resource path="res://scenes/assets/Floor.tscn" type="PackedScene" id=3]
[ext_resource path="res://scenes/assets/Liquid.tscn" type="PackedScene" id=4]
[ext_resource path="res://scenes/assets/Cultist.tscn" type="PackedScene" id=5]
[ext_resource path="res://scenes/assets/Demon_Claw_L.tscn" type="PackedScene" id=6]
[ext_resource path="res://scenes/assets/Demon_Head.tscn" type="PackedScene" id=7]
[ext_resource path="res://scenes/assets/Demon_Claw_R.tscn" type="PackedScene" id=8]

[node name="Spatial" type="Spatial"]
__meta__ = {
"_edit_lock_": true
}

[node name="RoomCenter" type="Spatial" parent="."]

[node name="Spatial" parent="RoomCenter" instance=ExtResource( 4 )]
transform = Transform( 1, 0, 0, 0, 1, 0, 0, 0, 1, 0, -0.147008, 0 )

[node name="Floor" parent="RoomCenter" instance=ExtResource( 3 )]

[node name="StoneEdge" parent="RoomCenter" instance=ExtResource( 2 )]
transform = Transform( 1, 0, 0, 0, 1, 0, 0, 0, 1, 0.00258982, 5.96046e-08, -0.00184381 )

[node name="StoneEdge2" parent="RoomCenter/StoneEdge" instance=ExtResource( 2 )]
transform = Transform( 0.808398, 0, 0.262664, 0, 1, 0, -0.262664, 0, 0.808398, -0.00258982, -0.0800001, 0.00184381 )

[node name="Column7" parent="RoomCenter" instance=ExtResource( 1 )]
transform = Transform( -0.809017, 0, 0.587785, 0, 1, 0, -0.587785, 0, -0.809017, 0.879375, 0, -1.21036 )

[node name="Column8" parent="RoomCenter" instance=ExtResource( 1 )]
transform = Transform( -0.309017, 0, 0.951056, 0, 1, 0, -0.951056, 0, -0.309017, 1.42286, 0, -0.462316 )

[node name="Column9" parent="RoomCenter" instance=ExtResource( 1 )]
transform = Transform( 0.309017, 0, 0.951056, 0, 1, 0, -0.951056, 0, 0.309017, 1.42286, 0, 0.462315 )

[node name="Column10" parent="RoomCenter" instance=ExtResource( 1 )]
transform = Transform( 0.809017, 0, 0.587785, 0, 1, 0, -0.587785, 0, 0.809017, 0.879376, 0, 1.21036 )

[node name="Column11" parent="RoomCenter" instance=ExtResource( 1 )]
transform = Transform( -1, 0, -3.25841e-07, 0, 1, 0, 3.25841e-07, 0, -1, -4.87486e-07, 0, -1.49608 )

[node name="Column3" parent="RoomCenter" instance=ExtResource( 1 )]
transform = Transform( 0.809017, 0, -0.587785, 0, 1, 0, 0.587785, 0, 0.809017, -0.879376, 0, 1.21036 )

[node name="Column4" parent="RoomCenter" instance=ExtResource( 1 )]
transform = Transform( 0.309017, 0, -0.951056, 0, 1, 0, 0.951056, 0, 0.309017, -1.42286, 0, 0.462315 )

[node name="Column5" parent="RoomCenter" instance=ExtResource( 1 )]
transform = Transform( -0.309017, 0, -0.951056, 0, 1, 0, 0.951056, 0, -0.309017, -1.42286, 0, -0.462316 )

[node name="Column6" parent="RoomCenter" instance=ExtResource( 1 )]
transform = Transform( -0.809017, 0, -0.587785, 0, 1, 0, 0.587785, 0, -0.809017, -0.879375, 0, -1.21036 )

[node name="Column2" parent="RoomCenter" instance=ExtResource( 1 )]
transform = Transform( 1, 0, 0, 0, 1, 0, 0, 0, 1, 0, 0, 1.49608 )

[node name="Cultist" parent="." instance=ExtResource( 5 )]
transform = Transform( -1, 0, -3.25841e-07, 0, 1, 0, 3.25841e-07, 0, -1, 0, 0, 1.00247 )

[node name="Demon_Claw_L" parent="." instance=ExtResource( 6 )]
transform = Transform( 1, 0, 0, 0, 1, 0, 0, 0, 1, 0.5, 0, 0 )

[node name="Demon_Claw_R" parent="." instance=ExtResource( 8 )]
transform = Transform( 1, 0, 0, 0, 1, 0, 0, 0, 1, -0.5, 0, 0 )

[node name="Demon_Head" parent="." instance=ExtResource( 7 )]
